0.000000000000000000e+00 0.000000000000000000e+00 0.000000000000000000e+00 0.000000000000000000e+00 0.000000000000000000e+00 0.000000000000000000e+00
7.440585123407966961e+00 8.525846396019257867e+00 7.440546987002078616e+00 8.525844768982386412e+00 9.622069698036824548e+00 -4.741562666477979748e-01
1.184784033020068783e+01 1.297761734684223356e+01 1.184783807922622678e+01 1.297761772605186081e+01 1.411880598799993969e+01 3.977613798068516004e+00
8.525847792787663693e+00 9.622069610216719582e+00 8.525848416584180356e+00 9.622065103737099889e+00 1.072936333135034026e+01 6.220527829029934841e-01
-4.619630634764334332e+00 -4.981378583489753709e+00 1.153183206071139333e+00 -2.582701070077908945e+00 -1.259744254384709272e+01 -1.335978569790152193e+01
0.000000000000000000e+00 0.000000000000000000e+00 0.000000000000000000e+00 0.000000000000000000e+00 0.000000000000000000e+00 0.000000000000000000e+00
-2.613672120005043897e+00 -3.997060810119130281e+00 1.153183206071139333e+00 -5.527082483033036731e+00 -1.295102033805486386e+01 -1.179683994080585308e+01
4.249497532277310086e+00 -2.721078247689303620e+00 -2.341586039003748176e+00 3.792516321064245965e-01 -9.176701138484224529e+00 -9.850059007479678996e+00
9.622069698036824548e+00 3.711653420371842316e+00 1.331448470099436676e+00 4.157136962770641375e+00 -5.261255192104489886e+00 -7.221027139408268347e+00
5.302522759876075575e+00 -1.677970641575857069e+00 -3.470674319500518301e+00 -8.390718721033465499e-01 -1.065366846863681616e+01 -9.696949128829091435e+00
0.000000000000000000e+00 0.000000000000000000e+00 0.000000000000000000e+00 0.000000000000000000e+00 0.000000000000000000e+00 0.000000000000000000e+00
6.366184605935429452e+00 -2.248976223649073347e+00 -7.726783015505069852e-01 -3.163326151624178628e+00 -8.983135779990846004e+00 -1.008465643281919810e+01
3.207002556954535510e+00 -1.647201788563619873e+00 -4.640002764768988541e+00 -1.214600433562149417e+00 -1.048274946371508065e+01 -1.151320328473939014e+01
-2.311213549659704380e+00 -2.617183347690911432e+00 5.302522759876075575e+00 -2.530927131293262966e-01 -9.152536850763457466e+00 -1.207876799583779892e+01
3.207002556954535510e+00 -1.695889960844167987e+00 -1.586770268797012440e+00 -2.142502434483995799e+00 -1.257436121819543473e+01 -1.035370468182483883e+01
0.000000000000000000e+00 0.000000000000000000e+00 0.000000000000000000e+00 0.000000000000000000e+00 0.000000000000000000e+00 0.000000000000000000e+00
1.761199999999996635e+01 1.879999999999997939e+01 1.761199999999996635e+01 1.879999999999997939e+01 9.799999999999981171e+00 1.999999999999998934e+01
1.072936333135034026e+01 9.622058616899444417e+00 1.072936245299078806e+01 9.622059112954655546e+00 6.220677843913153815e-01 8.525848802923633230e+00
1.527152119999994540e+01 1.411880540670831152e+01 1.297752014396575859e+01 1.411880346977252110e+01 5.118805667560434536e+00 1.297761627484132063e+01
1.184784174883872687e+01 1.072936137116024113e+01 1.184784018386653059e+01 1.072934364246066963e+01 1.729356217648877259e+00 9.622067819492379215e+00
0.000000000000000000e+00 0.000000000000000000e+00 0.000000000000000000e+00 0.000000000000000000e+00 0.000000000000000000e+00 0.000000000000000000e+00
7.830425146727478802e-01 1.072688627529946315e+00 -3.397946881968095800e-01 8.525849001056451826e+00 -8.988486185447410293e+00 -7.354255887548539761e+00
5.602818634520835062e+00 5.360565865561785159e+00 3.712110470966501374e+00 1.297761792811992976e+01 -3.155545208850411676e+00 -3.863893059837482546e+00
2.320081630073937085e+00 3.200969780043135593e+00 1.335105045601800322e+00 9.622069698036824548e+00 -7.173816202225808070e+00 -4.027799580918819622e+00
2.174932531384989431e+00 -2.619158567324266773e+00 -1.064484248974710612e+00 -2.552080133696296382e+00 -1.017391815801203769e+01 -1.220892907011292472e+01
0.000000000000000000e+00 0.000000000000000000e+00 0.000000000000000000e+00 0.000000000000000000e+00 0.000000000000000000e+00 0.000000000000000000e+00
2.174932531384989431e+00 -1.061025700769162139e+00 -1.697182459722882952e-01 -2.847997849879991161e+00 -1.147880437897500094e+01 -1.070886309255133639e+01
5.302522759876075575e+00 -1.646545218112092090e+00 -1.647871362760351399e+00 -1.551821205732619502e+00 -8.773475395703322022e+00 -1.006717489760906936e+01
8.525849001056451826e+00 -9.677003935082525432e-01 6.764197058716924227e-01 1.834444549571849770e+00 -1.005416286174783380e+01 -7.438625373397921514e+00
4.249497532277310086e+00 -2.847095728373849166e+00 -1.708948143297301936e+00 -3.881173778383987027e+00 -1.057194554473277570e+01 -1.097827984002503499e+01
0.000000000000000000e+00 0.000000000000000000e+00 0.000000000000000000e+00 0.000000000000000000e+00 0.000000000000000000e+00 0.000000000000000000e+00
5.302522759876075575e+00 -2.059738789774145484e+00 -3.345600976472060228e+00 -3.096660291505248352e+00 -1.125271476115914737e+01 -1.208256460780424213e+01
4.249497532277310086e+00 -3.075541324650230557e+00 -1.416595782940899717e+00 -2.848806175232800886e+00 -1.117300301549705388e+01 -1.062418041579375938e+01
6.366184605935429452e+00 2.362894614039532826e+00 3.165912959855671005e+00 6.375956390227615067e-01 -5.756111052229720748e+00 -6.580418599706685079e+00
4.249497532277310086e+00 -1.566544311099107745e+00 -2.645825858297361499e+00 -2.569827881819588988e+00 -1.151597576802471856e+01 -1.076306815939840433e+01
0.000000000000000000e+00 0.000000000000000000e+00 0.000000000000000000e+00 0.000000000000000000e+00 0.000000000000000000e+00 0.000000000000000000e+00
6.944066603104523949e+00 8.671950910714686600e+00 7.199107733471154624e+00 1.879999999999997939e+01 3.239245543033476338e+00 -1.443828841628826520e+00
1.184784174883867713e+01 -2.735978517532497545e+00 -2.613707842217916522e+00 -3.072104973692546093e+00 -9.780358317498773602e+00 -1.081712484923702533e+01
-4.770322921606438005e-01 -1.729346672645206695e+00 -1.681762348894930703e+00 1.411880057968251023e+01 -7.458034276222528014e+00 -8.117796090258046604e+00
1.297761792811963133e+01 -5.626197571146140941e-02 8.852491598080725055e-02 -1.185699206635971947e+00 -8.392755295903269186e+00 -1.084731425309601249e+01
0.000000000000000000e+00 0.000000000000000000e+00 0.000000000000000000e+00 0.000000000000000000e+00 0.000000000000000000e+00 0.000000000000000000e+00
3.207002556954535510e+00 -2.787769552821890429e+00 -3.257814857444427226e+00 -1.860448789912591439e+00 -1.131153467884358044e+01 -1.242931317915905609e+01
7.440590511045887645e+00 -6.186994044171457707e-01 -1.113744361102504854e+00 -1.375819398968934237e+00 -8.715355438737315552e+00 -1.031145107811520134e+01
4.249497532277310086e+00 -5.707245524716219265e+00 -5.844135764628526353e+00 -2.620533955259206849e+00 -1.146289635047599020e+01 -1.125323316640667848e+01
2.711542633933552993e-01 1.898775989859656566e+00 7.440590511045887645e+00 3.481981754478788549e+00 -5.072983940820019910e+00 -5.075610570589452308e+00
0.000000000000000000e+00 0.000000000000000000e+00 0.000000000000000000e+00 0.000000000000000000e+00 0.000000000000000000e+00 0.000000000000000000e+00
2.654045163601171375e-01 -2.035666264673005266e+00 7.440590511045887645e+00 1.464037635268685023e+00 -8.002312533666213312e+00 -9.017769286149345476e+00
7.756464768664685927e-01 1.241771782887993725e-01 1.072936333135034026e+01 5.083111113609887433e+00 -4.579002576429990867e+00 -6.704070061193578844e+00
7.440590511045887645e+00 3.308530814393212949e-01 -2.327490580835566814e+00 -3.893571145474723938e+00 -6.410441756875857600e+00 -7.359297986074421871e+00
3.207002556954535510e+00 -4.535525939126520356e+00 -3.748936077347877038e+00 -2.727604808300570394e+00 -1.094675505765230383e+01 -1.177110944818890559e+01
0.000000000000000000e+00 0.000000000000000000e+00 0.000000000000000000e+00 0.000000000000000000e+00 0.000000000000000000e+00 0.000000000000000000e+00
4.249497532277310086e+00 -2.394026246154134618e+00 -2.890274443993832154e+00 -2.374160785001580010e+00 -1.133654024887529310e+01 -9.353927765011796680e+00
5.302522759876075575e+00 -1.995882642403349561e+00 -3.123396407747338621e-01 1.841290476284855648e+00 -8.463472878721132631e+00 -9.361630259955818545e+00
1.300462262685236681e+00 1.299730859125645122e+00 7.440590511045887645e+00 1.349423800277837593e+00 -1.033465794455034725e+01 -7.639464295882908651e+00
5.302522759876075575e+00 -3.078729822878847777e+00 1.055456319812519972e-03 -2.772326502406127879e+00 -8.907939308058301364e+00 -1.075142935266312705e+01
0.000000000000000000e+00 0.000000000000000000e+00 0.000000000000000000e+00 0.000000000000000000e+00 0.000000000000000000e+00 0.000000000000000000e+00
2.506392177262183107e+00 -2.531481955333793277e+00 -2.504131738265576779e+00 -2.472064255615443518e+00 -1.101805091984466856e+01 -1.006563604784734345e+01
1.212777843060933503e+00 1.715378732551788410e+00 1.761199946778019765e+01 -6.562470010868046155e-02 -6.191045764390367800e+00 -4.476704989428270665e+00
1.044438939337575034e+00 -2.744623447129641569e+00 -2.486977372757919635e+00 -2.585870191703939724e+00 -1.014981311972473144e+01 -1.003111629707637320e+01
-1.085423556239877962e+00 -1.156342489167150323e+00 5.375570629099634345e+00 -1.069597834523768665e+00 -5.330180884278526321e+00 -6.554522160010890275e+00
0.000000000000000000e+00 0.000000000000000000e+00 0.000000000000000000e+00 0.000000000000000000e+00 0.000000000000000000e+00 0.000000000000000000e+00
2.174932531384989431e+00 -2.933080137315045466e+00 -3.470998685960757779e+00 -2.907953918252029979e+00 -1.077535957023869884e+01 -8.928387904146770637e+00
6.366184605935429452e+00 6.189830847675422687e-01 4.300702832072855197e-01 -4.962011585159076255e-03 -9.401909152374980039e+00 -1.066829668813476317e+01
3.207002556954535510e+00 -1.755148925963984974e+00 -4.780878578976426319e+00 -4.143782791241201302e+00 -1.093920385658882566e+01 -1.086374688712785996e+01
6.366134165511431853e+00 7.440511447511051202e+00 8.525849001056451826e+00 6.366061272505426416e+00 -1.559469007245742223e+00 -1.559500376024157697e+00
0.000000000000000000e+00 0.000000000000000000e+00 0.000000000000000000e+00 0.000000000000000000e+00 0.000000000000000000e+00 0.000000000000000000e+00
6.366105516494603656e+00 7.439938552123374294e+00 8.525849001056451826e+00 6.365189360671906549e+00 -1.559629797174373333e+00 -1.559644093696848088e+00
4.743613621265632574e+00 8.478096428049044064e+00 1.184784174883872687e+01 3.560066190007955544e+00 -3.429646553793379127e+00 -3.088832013520784070e+00
6.366184605935429452e+00 3.341659249182318714e+00 1.553671795685545920e+00 4.062189223323877663e+00 -6.662541844882975184e+00 -7.067666470701827741e+00
2.174932531384989431e+00 -1.862122878812551452e+00 -1.244003274127805758e+00 2.590095487068894142e-01 -1.044067039792565943e+01 -1.061749264478053512e+01
0.000000000000000000e+00 0.000000000000000000e+00 0.000000000000000000e+00 0.000000000000000000e+00 0.000000000000000000e+00 0.000000000000000000e+00
3.207002556954535510e+00 -2.980129346193736595e+00 -3.460705740507417971e+00 -5.449111283974276354e+00 -1.115004527360691000e+01 -1.140706461682600192e+01
6.366184605935429452e+00 -1.706207377026986105e+00 -3.342365345942665544e-01 -2.046740304750838124e+00 -8.216739936019196833e+00 -1.069741810524477899e+01
8.525849001056451826e+00 4.509495686487285049e+00 2.740173745756487644e+00 2.336797881726415227e+00 -5.264609758605368839e+00 -5.731982162489349442e+00
6.366184605935429452e+00 2.168063606612795624e+00 -6.473370648802878602e-02 -1.663931874005257328e+00 -9.564345137547825004e+00 -9.680338190867431081e+00
0.000000000000000000e+00 0.000000000000000000e+00 0.000000000000000000e+00 0.000000000000000000e+00 0.000000000000000000e+00 0.000000000000000000e+00
1.184783040269029009e+01 -2.639630319413082127e+00 -2.848522607911057047e+00 -2.424048250499414525e+00 -7.803084090740207479e+00 -9.209584094159783518e+00
1.643577573626208732e+01 1.761199249019876945e+01 1.879999999999997939e+01 1.643586983988589978e+01 8.611998523605091549e+00 8.611983948071754824e+00
1.184784066992562224e+01 -2.783526522577515205e+00 -3.010116819632404184e+00 -2.623694603782376067e+00 -1.036882317708359480e+01 -9.173514675241738914e+00
1.527152099907958771e+01 8.833359755548415571e-01 2.079974335289004328e-01 -1.199592671140037758e+00 -5.173523106203205657e+00 -5.214031605116873358e+00
0.000000000000000000e+00 0.000000000000000000e+00 0.000000000000000000e+00 0.000000000000000000e+00 0.000000000000000000e+00 0.000000000000000000e+00
-4.022721793609009389e+00 -4.949125482378983421e+00 -3.594391361412584640e+00 1.153183206071139333e+00 -1.327386598473991697e+01 -1.129807797615429621e+01
5.302522759876075575e+00 -6.799682697898528083e-01 -5.956357084845536054e-01 -2.804274348548421614e+00 -9.485263872782841332e+00 -1.092503354517576497e+01
2.174932531384989431e+00 -2.429770015139036676e+00 -3.726058883358335905e+00 -2.252942729701515656e+00 -1.238624200709351442e+01 -1.151506244437267412e+01
7.440585460740943624e+00 8.525848641225023172e+00 8.525847902398714595e+00 7.440590071266789174e+00 9.622069698036824548e+00 -4.741518462809993784e-01
0.000000000000000000e+00 0.000000000000000000e+00 0.000000000000000000e+00 0.000000000000000000e+00 0.000000000000000000e+00 0.000000000000000000e+00
7.440589777336400701e+00 8.525845171923032595e+00 8.525840211486034548e+00 7.440590238264386258e+00 9.622069698036824548e+00 -4.741511918348479959e-01
1.072936054188297383e+01 1.184783923440766884e+01 1.184784057781202193e+01 1.072935176743495411e+01 1.297761792811992976e+01 2.847822191771159694e+00
1.028323579944225630e+00 -9.731239948644305748e-01 -2.178104054716051063e+00 5.302522759876075575e+00 -9.058618391320891305e+00 -8.142959266222657533e+00
-3.384663149468372101e+00 -3.529973750659891163e+00 -3.982186650430195929e+00 1.153183206071139333e+00 -1.316130053643476927e+01 -1.228587823261869616e+01
0.000000000000000000e+00 0.000000000000000000e+00 0.000000000000000000e+00 0.000000000000000000e+00 0.000000000000000000e+00 0.000000000000000000e+00
2.174932531384989431e+00 -4.163737319079176658e+00 -4.077928877580054845e+00 -5.840025355010443953e+00 -1.196154721206156957e+01 -1.054759214570965398e+01
5.302522759876075575e+00 -8.750076646503048838e-01 -1.972795712808660173e+00 -1.029364290569405593e+00 -8.522631776330877429e+00 -8.212353981665012626e+00
7.440590511045887645e+00 3.959495831422922940e+00 1.296464628668578811e+00 3.804234754243835059e+00 -7.290628369928157326e+00 -9.621472134086502592e+00
5.302522759876075575e+00 -2.380994091628905629e+00 -2.375129811245036748e+00 9.872641109389934666e-01 -9.627260668156141676e+00 -9.955845295881996293e+00
0.000000000000000000e+00 0.000000000000000000e+00 0.000000000000000000e+00 0.000000000000000000e+00 0.000000000000000000e+00 0.000000000000000000e+00
1.072936333135034026e+01 9.622068463923756809e+00 9.622065932121724785e+00 1.072919028752092174e+01 6.220696259759226354e-01 8.525834117915350063e+00
1.761199999999996635e+01 1.879999999999997939e+01 1.879999999999997939e+01 1.761199999999996635e+01 9.799999999999981171e+00 1.999999999999998934e+01
1.072936333135034026e+01 9.622069397717261552e+00 9.622060965489687590e+00 1.072934389763056018e+01 6.220688231214387409e-01 8.525848926933857541e+00
1.411880598799993969e+01 1.297761751448495815e+01 1.297761726381419933e+01 1.411880138228375969e+01 3.977616433225152015e+00 1.184783774945724488e+01
0.000000000000000000e+00 0.000000000000000000e+00 0.000000000000000000e+00 0.000000000000000000e+00 0.000000000000000000e+00 0.000000000000000000e+00
6.366170801927117040e+00 8.525849001056451826e+00 6.366078296590458763e+00 7.440569381534356985e+00 -1.559414262771873227e+00 -1.559420378293472353e+00
1.072934274924359066e+01 1.297761792811992976e+01 1.072931247639078123e+01 1.184783341865433748e+01 2.847841291991488166e+00 2.847809102110292478e+00
7.440573152285374192e+00 9.622069698036824548e+00 7.440585938657369169e+00 8.525835507559751392e+00 -4.741523975041741501e-01 -4.742221415906689996e-01
2.174932531384989431e+00 -4.377737548453425553e+00 -4.568517405404241671e+00 -3.917138292344969575e+00 -1.329424962739076221e+01 -1.150479828974282981e+01
0.000000000000000000e+00 0.000000000000000000e+00 0.000000000000000000e+00 0.000000000000000000e+00 0.000000000000000000e+00 0.000000000000000000e+00
-1.949616900845642542e+00 -4.849838770822242573e+00 2.174932531384989431e+00 -2.953080542897656091e+00 -1.270068527417735282e+01 -1.177249919710249237e+01
5.302522759876075575e+00 1.394292937103090324e+00 2.242401673681724272e+00 8.559411136411386734e-01 -7.060234413708673884e+00 -8.237904738696029128e+00
1.072936333135034026e+01 5.035355982386693796e+00 5.454172251055882548e+00 6.336596989397293989e+00 -3.235424118088977341e+00 -1.307201690256928561e+00
6.366184605935429452e+00 3.786049542500355525e+00 3.562728983378286252e+00 2.892394504151558632e+00 -5.536082168083099830e+00 -4.673023819668425283e+00
0.000000000000000000e+00 0.000000000000000000e+00 0.000000000000000000e+00 0.000000000000000000e+00 0.000000000000000000e+00 0.000000000000000000e+00
7.440590511045887645e+00 2.082828618085526440e+00 2.743044506559317419e+00 3.567539614879096543e+00 -6.308032689613400024e+00 -7.350425069995741190e+00
-2.477687953590931857e-01 8.839876524510408284e-01 4.249497532277310086e+00 1.253697908834027652e+00 -8.324866636515432461e+00 -8.388841342556753844e+00
6.366184605935429452e+00 1.011561876403014093e+00 9.317697875258641460e-01 -1.736003910313845822e-01 -8.976381342825966669e+00 -8.070009324954479979e+00
1.166954463949402943e+00 -5.923193830809154736e-01 4.249497532277310086e+00 2.008393697996407212e+00 -1.154204985290164842e+01 -8.394367146658455070e+00
0.000000000000000000e+00 0.000000000000000000e+00 0.000000000000000000e+00 0.000000000000000000e+00 0.000000000000000000e+00 0.000000000000000000e+00
1.643587999999995475e+01 1.879999999999997939e+01 1.643587999999995475e+01 1.761199999999996635e+01 8.611999999999973454e+00 8.611999999999973454e+00
1.184783842012756061e+01 9.622066268461651362e+00 1.184784174883872687e+01 1.072936304297031462e+01 1.729357552171137513e+00 1.729354426934314182e+00
1.643587999999995475e+01 1.411880467985053400e+01 1.411879772565058389e+01 1.527151954606832973e+01 6.271517712424561353e+00 6.271520851964851317e+00
1.297761771279867204e+01 1.072935988643971150e+01 1.297761792811992976e+01 1.184783927999625064e+01 2.847840837598854424e+00 2.847838743036230635e+00
0.000000000000000000e+00 0.000000000000000000e+00 0.000000000000000000e+00 0.000000000000000000e+00 0.000000000000000000e+00 0.000000000000000000e+00
-8.301280914096528241e-01 1.050096572360407210e+00 -3.845456754645717456e+00 7.440590511045887645e+00 -6.557758684665455640e+00 -7.275508933019911417e+00
9.621928464556159355e+00 1.184774519145671867e+01 1.072922723191757299e+01 1.184784174883872687e+01 1.729223966847062588e+00 1.729226328961007253e+00
6.365777718273706753e+00 8.524503844016631859e+00 7.440567860669048628e+00 8.525849001056451826e+00 -1.560381948599701252e+00 -1.559465176768369377e+00
3.207002556954535510e+00 -3.318664559861181473e+00 4.262679452878396225e-01 -1.061443310005591306e-01 -7.813932992622269147e+00 -7.870347303664692262e+00
0.000000000000000000e+00 0.000000000000000000e+00 0.000000000000000000e+00 0.000000000000000000e+00 0.000000000000000000e+00 0.000000000000000000e+00
3.207002556954535510e+00 3.880168920771074337e-01 4.407144302375900491e-01 -7.707216583701057555e-01 -7.972989231699267876e+00 -7.194577648722463081e+00
6.366184605935429452e+00 7.793914400292417666e-02 1.589363818707540066e+00 -4.223742962878901941e-01 -6.742543866068865910e+00 -7.474644955456349216e+00
9.622069698036824548e+00 4.218520477472312180e+00 6.387896193824215807e+00 5.370931088518108076e+00 -3.197589284721113589e+00 -3.193435540446249110e+00
3.203427804224481701e+00 -2.152755594803128059e+00 -5.515321019499972444e-01 5.302522759876075575e+00 -9.543987215566874127e+00 -6.758937805980652413e+00
0.000000000000000000e+00 0.000000000000000000e+00 0.000000000000000000e+00 0.000000000000000000e+00 0.000000000000000000e+00 0.000000000000000000e+00
6.366184605935429452e+00 1.588539533049416530e+00 1.353026305270168539e+00 2.274372767732157907e+00 -5.828737128498318931e+00 -6.804337405968898800e+00
5.302522759876075575e+00 2.772158917423019009e+00 2.987750981023020724e+00 1.955219242500540355e+00 -5.219608597638999647e+00 -5.775459242151327999e+00
7.440590511045887645e+00 4.574335549087857444e+00 2.503844841923149378e+00 4.573206857998340702e+00 -4.189061278701458946e+00 -3.727454892622271476e+00
5.302522759876075575e+00 2.256726766256200278e+00 3.919985351819006869e+00 2.750223551340602590e+00 -5.179800929933241704e+00 -5.877577818465798742e+00
0.000000000000000000e+00 0.000000000000000000e+00 0.000000000000000000e+00 0.000000000000000000e+00 0.000000000000000000e+00 0.000000000000000000e+00
8.505261144382924243e+00 8.792153064739787638e+00 9.863426090667598345e+00 1.761199999999996635e+01 2.171773080341450779e+00 8.775623682554781757e-01
1.297761792811992976e+01 1.072935956983459960e+01 1.184783745626693374e+01 1.072935726267620637e+01 2.847837035719367638e+00 2.847839213211365461e+00
1.527152119999994540e+01 8.007575981626425810e-01 8.029967240389994654e-01 4.772372724686493761e+00 -6.524656263796532407e+00 -6.523769695858886664e+00
1.411880598799993969e+01 1.184783103292952866e+01 1.297761728006904036e+01 1.184783234416102360e+01 3.977615064133376066e+00 3.977614887206006422e+00
0.000000000000000000e+00 0.000000000000000000e+00 0.000000000000000000e+00 0.000000000000000000e+00 0.000000000000000000e+00 0.000000000000000000e+00
4.249497532277310086e+00 -1.340820985456242953e+00 -9.897676905790286916e-01 1.131415817309262550e+00 -1.040671729646372334e+01 -8.503569761033855201e+00
8.525849001056451826e+00 3.425543222302868340e+00 3.403298155359807176e+00 2.573436460532472214e+00 -7.060997732883396161e+00 -4.005130870695115419e+00
5.302522759876075575e+00 4.897984178170993741e-01 7.875515821884073731e-01 1.538611115186912626e+00 -6.425796467652955535e+00 -6.510629586121760681e+00
-2.126139786661688458e+00 6.366184605935429452e+00 -5.430263084406251828e+00 -1.218254140544602127e+00 -7.736750447879018111e+00 -6.506838335123813266e+00
0.000000000000000000e+00 0.000000000000000000e+00 0.000000000000000000e+00 0.000000000000000000e+00 0.000000000000000000e+00 0.000000000000000000e+00
4.246232151885412698e+00 6.358525540799902842e+00 6.366184605935429452e+00 5.298173932180517909e+00 -3.699631516276435939e+00 -3.699861302001378416e+00
7.437822923039263401e+00 9.612031929500489014e+00 9.622069698036824548e+00 8.522911271629658003e+00 -4.769926297793855019e-01 -4.801549348304806619e-01
8.525849001056451826e+00 6.301944749401895862e+00 6.111407251665681883e+00 6.796175982337991250e+00 -1.739093666616342793e+00 -2.705481453264857006e+00
4.249497532277310086e+00 1.701979096571826444e+00 1.649829817913643693e+00 2.875771965890145498e+00 -6.316700423839318290e+00 -6.047024358824534929e+00
0.000000000000000000e+00 0.000000000000000000e+00 0.000000000000000000e+00 0.000000000000000000e+00 0.000000000000000000e+00 0.000000000000000000e+00
5.302522759876075575e+00 -4.125997628827355879e-01 1.962908569823092586e+00 1.877664310502354938e+00 -8.276104783472851167e+00 -1.093593759757540873e+01
4.960692240644962503e+00 2.511024496354368640e+00 6.366184605935429452e+00 2.328970247302990515e+00 -7.159536378860910766e+00 -6.131006582711929553e+00
-1.533777263458192541e+00 3.114381831901717579e+00 8.525849001056451826e+00 6.730697678239656589e-01 -9.259863604867458520e+00 -9.225692894229025498e+00
6.366184605935429452e+00 4.098770563065074479e-01 3.886668102923202195e+00 9.780950847935432346e-01 -8.227245486578997458e+00 -6.376900901555213608e+00
0.000000000000000000e+00 0.000000000000000000e+00 0.000000000000000000e+00 0.000000000000000000e+00 0.000000000000000000e+00 0.000000000000000000e+00
1.411880598799987574e+01 -2.340404293684237302e+00 1.418282111418869729e+00 1.501378617984969521e+00 -9.633714588157134884e+00 -7.522002137558062351e+00
5.238739392039446940e+00 4.590160082834644051e+00 1.643587999999995475e+01 4.683476898614620687e+00 -3.741367821972644947e+00 -2.588318644592028761e+00
1.411880598799911191e+01 -2.476521313188714490e+00 1.743997208670867938e+00 -3.557318351498481857e-01 -9.754229775566498617e+00 -7.741928188721309390e+00
4.856156712373663531e+00 -5.171325597725301426e-02 1.527152119999758995e+01 2.643484869222864297e+00 -4.047822800277986133e+00 -4.982555281270455438e+00
0.000000000000000000e+00 0.000000000000000000e+00 0.000000000000000000e+00 0.000000000000000000e+00 0.000000000000000000e+00 0.000000000000000000e+00
3.207002556954535510e+00 1.413326248492676740e-01 5.538711067510111441e-01 1.830164838743352673e+00 -8.841432360687070613e+00 -7.317061397550409296e+00
7.440590511045887645e+00 4.735216153200621392e+00 4.246335212779420054e+00 6.301084430877084586e+00 -3.703668612397250204e+00 -3.472531873300388927e+00
4.249497532277310086e+00 -1.218657656916299681e+00 -2.129254664216120752e+00 3.595649805346535222e-01 -9.598033947841630109e+00 -8.304725840208694976e+00
5.301715981556072599e+00 7.440590511045887645e+00 7.439792750919554720e+00 5.301206441931793023e+00 -2.633947027220981951e+00 -2.633980783884546817e+00
0.000000000000000000e+00 0.000000000000000000e+00 0.000000000000000000e+00 0.000000000000000000e+00 0.000000000000000000e+00 0.000000000000000000e+00
5.300735407683634826e+00 7.440590511045887645e+00 7.436475963910096354e+00 5.298854834878404141e+00 -2.634825030142040614e+00 -2.634283824251223205e+00
8.525270856996872482e+00 1.072869148576736542e+01 1.072936333135034026e+01 8.524347017199596976e+00 6.218373512389725466e-01 6.219506595721320252e-01
6.787938515542058404e+00 4.902433357697911553e+00 4.631022174275607917e+00 7.440590511045887645e+00 -3.560644708060714869e+00 -3.254456744157584680e+00
1.338085844744246300e+00 8.500190879753294348e-01 3.250621043979876612e-01 3.207002556954535510e+00 -8.596984046600596230e+00 -7.757631353154944343e+00
0.000000000000000000e+00 0.000000000000000000e+00 0.000000000000000000e+00 0.000000000000000000e+00 0.000000000000000000e+00 0.000000000000000000e+00
4.249497532277310086e+00 -2.345683731634449765e-01 4.117893234198424235e-01 3.353284741239231703e+00 -7.349071899763478299e+00 -7.868296516384083006e+00
7.440590511045887645e+00 4.007125027345875168e+00 3.893904356980072201e+00 4.042604883056782228e+00 -3.540215986840604234e+00 -3.162487871989536625e+00
9.622069698036824548e+00 6.448055022005315884e+00 6.440794691608873634e+00 6.714079937751916916e+00 -1.285074042608202127e+00 -1.246729883066695521e+00
7.440590511045887645e+00 3.810984296949930350e+00 4.857502323838250646e+00 3.304980505711681005e+00 -3.694254155318672961e+00 -5.302259269018496646e+00
0.000000000000000000e+00 0.000000000000000000e+00 0.000000000000000000e+00 0.000000000000000000e+00 0.000000000000000000e+00 0.000000000000000000e+00
1.297761792811992976e+01 -2.104150568526348408e+00 2.227027043083092739e+00 5.403603875765913278e-01 -6.673704760844967332e+00 -4.967517848125480917e+00
1.527152119999994540e+01 1.761199999999996635e+01 1.761199999999996635e+01 1.527152119999994540e+01 7.435879999999960965e+00 7.435879999999960965e+00
1.297761792811992976e+01 -2.617569702610144322e+00 -1.502368473898018308e+00 1.332941328032647199e+00 -5.008131425236971523e+00 -7.080161833275526284e+00
1.643587999999995475e+01 2.159903959313469901e+00 4.519684535038940965e+00 4.644614532321325484e+00 1.642416488630896065e+00 1.768404752853238060e+00
0.000000000000000000e+00 0.000000000000000000e+00 0.000000000000000000e+00 0.000000000000000000e+00 0.000000000000000000e+00 0.000000000000000000e+00
-5.542647331164467950e+00 -6.068796402276215751e+00 -3.378354796849258879e+00 2.174932531384989431e+00 -1.084556360491349736e+01 -1.246166392996191519e+01
1.700057049032158041e+00 2.177619776395978590e+00 1.484423850151334712e+00 6.366184605935429452e+00 -7.945327785673743648e+00 -8.614172248455098213e+00
3.207002556954535510e+00 -3.238941827310769739e+00 7.794357085849865086e-02 -3.298046402043468550e-01 -8.737943642870408922e+00 -9.206923892841221146e+00
5.367074578047786204e+00 8.525849001056451826e+00 5.438465273032521807e+00 5.801998580188388210e+00 -3.331600059138226211e+00 -2.698002537789910615e+00
0.000000000000000000e+00 0.000000000000000000e+00 0.000000000000000000e+00 0.000000000000000000e+00 0.000000000000000000e+00 0.000000000000000000e+00
6.195276292509502625e+00 8.525849001056451826e+00 7.370704099275690702e+00 5.589444866957432367e+00 -1.746505367217889182e+00 -1.661052466504750580e+00
9.622052368594378180e+00 1.184784174883872687e+01 1.072926732519412063e+01 9.622061097348044711e+00 1.729354072273893150e+00 1.729356859285709369e+00
-3.037250730818941591e+00 -3.337007232619966790e-01 -2.442228947865918265e+00 6.366184605935429452e+00 -9.492084539643357743e+00 -8.702442124282185887e+00
-6.316048908014971097e+00 -6.736992997157672747e+00 -6.547776523192616160e+00 2.174932531384989431e+00 -1.390934391784198532e+01 -1.266091861954697428e+01
0.000000000000000000e+00 0.000000000000000000e+00 0.000000000000000000e+00 0.000000000000000000e+00 0.000000000000000000e+00 0.000000000000000000e+00
1.234600890886336622e+00 -8.249944712522295776e-01 -5.674788863091670965e-01 3.207002556954535510e+00 -8.538344554344224235e+00 -8.460644528480873561e+00
6.366184605935429452e+00 1.800388698536696808e+00 3.170076238828827275e+00 4.001621348325074656e+00 -6.938105015818305077e+00 -6.846891557049639587e+00
8.525849001056451826e+00 5.105159313785907926e+00 5.115802680015860915e+00 5.009721602731936230e+00 -5.368050837523526297e+00 -3.021679550768348488e+00
2.245801777124380560e+00 8.334541605039917922e-01 1.553874608241474498e+00 6.366184605935429452e+00 -7.289628479669598704e+00 -6.059407898850541763e+00
0.000000000000000000e+00 0.000000000000000000e+00 0.000000000000000000e+00 0.000000000000000000e+00 0.000000000000000000e+00 0.000000000000000000e+00
1.184784174883872687e+01 9.622065983556922220e+00 1.072936254757057917e+01 1.184776322188541187e+01 1.729353953615509365e+00 1.729360362179949595e+00
1.643587999999987304e+01 1.879999999999997939e+01 1.761199999999996635e+01 1.643587999999986593e+01 8.611999999999962796e+00 8.611999999999973454e+00
1.184784174883872687e+01 9.622068523602198553e+00 1.072935466052583742e+01 1.184783966886893758e+01 1.729362653962315477e+00 1.729356514787649290e+00
1.527152119999994540e+01 1.297759555377697538e+01 1.411880518271550855e+01 1.527151870531772815e+01 5.118805624557286826e+00 5.118805799689086555e+00
0.000000000000000000e+00 0.000000000000000000e+00 0.000000000000000000e+00 0.000000000000000000e+00 0.000000000000000000e+00 0.000000000000000000e+00
5.302386814529155501e+00 7.440590511045887645e+00 5.302503189473355860e+00 6.366136955645113282e+00 -2.633822865065386321e+00 -2.633830382392173153e+00
6.583917350801595347e+00 1.184784174883872687e+01 7.012622884674714285e+00 7.256787564345977160e+00 2.110463773964257883e-02 -3.653944806859840688e-01
4.710254753103108705e+00 8.525849001056451826e+00 4.491937825987839084e+00 5.410319134144663700e+00 -3.611739657096550982e+00 -4.274041246123102766e+00
3.694936949918219415e-01 7.911096278536621229e-01 3.207002556954535510e+00 7.707175921577069655e-01 -7.423900206893478959e+00 -7.617174946506646727e+00
0.000000000000000000e+00 0.000000000000000000e+00 0.000000000000000000e+00 0.000000000000000000e+00 0.000000000000000000e+00 0.000000000000000000e+00
2.246502731633454042e-01 2.305348617298901837e-01 3.207002556954535510e+00 1.131438338650991637e+00 -8.853877919236712302e+00 -7.972712917799990251e+00
3.486025530520026283e+00 4.018174232415519853e+00 6.366184605935429452e+00 5.162147551420253500e+00 -4.613805286829634866e+00 -4.094294078265795278e+00
1.184784174883872687e+01 9.622068551719696217e+00 9.622061330772009313e+00 1.072936256203837324e+01 1.729347575827585803e+00 1.729361561432180006e+00
7.440590511045887645e+00 5.302518580268311688e+00 5.302513563413060460e+00 6.366174064779430708e+00 -2.633833206864743204e+00 -2.633875358999229199e+00
0.000000000000000000e+00 0.000000000000000000e+00 0.000000000000000000e+00 0.000000000000000000e+00 0.000000000000000000e+00 0.000000000000000000e+00
8.525849001056451826e+00 6.366138859507302072e+00 6.366177825707009852e+00 7.440587641857958623e+00 -1.559415270546218091e+00 -1.559418428929870482e+00
1.919785199520160912e+00 1.101476452436235931e+00 5.302522759876075575e+00 1.887121221737430909e+00 -6.804509382374259729e+00 -7.816937340757330155e+00
4.707924727480666149e+00 4.301377454851508908e+00 7.440590511045887645e+00 4.830330518692845132e+00 -3.222090782634353001e+00 -3.699336416499508839e+00
2.146625384655039159e+00 1.937665365850797183e+00 5.302522759876075575e+00 2.040237934616342397e+00 -5.956022856998760773e+00 -6.809387362746652350e+00
0.000000000000000000e+00 0.000000000000000000e+00 0.000000000000000000e+00 0.000000000000000000e+00 0.000000000000000000e+00 0.000000000000000000e+00
1.527152119999994540e+01 1.761199999999996635e+01 1.527152119999994540e+01 1.643587999999995475e+01 7.435879999999960965e+00 7.435879999999960965e+00
1.072936192102934427e+01 1.072935794103072382e+01 1.297761792811992976e+01 1.184783759134717585e+01 2.847834546589785187e+00 2.847837479807791450e+00
1.761199999999996635e+01 1.527152119999994540e+01 1.527152119999994540e+01 1.643587999999995475e+01 7.435879999999960965e+00 7.435879999999960965e+00
1.184784106825486560e+01 1.184783858841669257e+01 1.411880598799993969e+01 1.297760819466701321e+01 3.977615878202926503e+00 3.977616019657924440e+00
0.000000000000000000e+00 0.000000000000000000e+00 0.000000000000000000e+00 0.000000000000000000e+00 0.000000000000000000e+00 0.000000000000000000e+00
4.249451311012633958e+00 6.365768966265560991e+00 4.248720586027608270e+00 6.366184605935429452e+00 -3.697522136131931259e+00 -3.697515624059077410e+00
8.525098984721386941e+00 1.072936333135034026e+01 8.525755185359464861e+00 1.072892905638304484e+01 6.219506464061308471e-01 6.219554870224639487e-01
5.300501179625637604e+00 7.440590511045887645e+00 5.302105259549157346e+00 7.440475182189272729e+00 -2.634284306439903744e+00 -2.634178556591503462e+00
2.079886540766529457e+00 2.083374251766410001e+00 4.249497532277310086e+00 1.779353095319566425e+00 -5.923077555926648863e+00 -5.918631782937628039e+00
0.000000000000000000e+00 0.000000000000000000e+00 0.000000000000000000e+00 0.000000000000000000e+00 0.000000000000000000e+00 0.000000000000000000e+00
2.105957815256691124e+00 2.078608941351221429e+00 4.249497532277310086e+00 2.110135579295560948e+00 -5.897033545744578831e+00 -5.836201413684815265e+00
5.274530407624823169e+00 5.256639105323142935e+00 7.440590511045887645e+00 5.231972960138824291e+00 -2.680530335394208485e+00 -2.669208229927221065e+00
8.524588477488798333e+00 8.525778656463707250e+00 8.525755510157146944e+00 1.072936333135034026e+01 6.220558575966823600e-01 6.216710356379077096e-01
4.249264373884583001e+00 4.248955342158338588e+00 4.249180274233337329e+00 6.366184605935429452e+00 -3.697486275975027770e+00 -3.698694228489949776e+00
0.000000000000000000e+00 0.000000000000000000e+00 0.000000000000000000e+00 0.000000000000000000e+00 0.000000000000000000e+00 0.000000000000000000e+00
5.302216532537260996e+00 5.302455833733679569e+00 5.302459747550797076e+00 7.440590511045887645e+00 -2.633859841087201392e+00 -2.633985228918746202e+00
4.212363059590277459e+00 4.239483578658468588e+00 6.366184605935429452e+00 4.174668908769747944e+00 -3.722414478847484443e+00 -3.730441795482990930e+00
6.336965654469720377e+00 6.358539006142564176e+00 8.525849001056451826e+00 6.345387466399971643e+00 -1.575047908031821597e+00 -1.569190219994946567e+00
4.168083243904903590e+00 4.159443332257700909e+00 6.366184605935429452e+00 4.200545380821815833e+00 -3.853580179997390776e+00 -3.781197346470601683e+00
0.000000000000000000e+00 0.000000000000000000e+00 0.000000000000000000e+00 0.000000000000000000e+00 0.000000000000000000e+00 0.000000000000000000e+00
1.411880598799759312e+01 1.643587999999794391e+01 1.411880598799935882e+01 1.643587999999995475e+01 6.271521199999951612e+00 6.271521199999817497e+00
1.184784174882910257e+01 1.184784174883512087e+01 1.411880598799993969e+01 1.184784174883845331e+01 3.977617928119904889e+00 3.977617928119849822e+00
1.411880598799988995e+01 1.411880598799924158e+01 1.411880598799990594e+01 1.643587999999995475e+01 6.271521199997913243e+00 6.271521199999527951e+00
1.297761792810034720e+01 1.297761792811985160e+01 1.527152119999994540e+01 1.297761792811942883e+01 5.118805987997265383e+00 5.118805987987767203e+00
0.000000000000000000e+00 0.000000000000000000e+00 0.000000000000000000e+00 0.000000000000000000e+00 0.000000000000000000e+00 0.000000000000000000e+00
3.199614504379587832e+00 3.196529329814914000e+00 3.205722902508229666e+00 5.302522759876075575e+00 -4.751852411370439455e+00 -4.756817860111219431e+00
7.438979428887768641e+00 7.438519791860961128e+00 7.434479696321016462e+00 9.622069698036824548e+00 -4.758700330831708847e-01 -4.753193118285036212e-01
4.248734739754321588e+00 4.248488303373797237e+00 4.243757704688430721e+00 6.366184605935429452e+00 -3.706140070280683041e+00 -3.699175414523006911e+00
3.201685380599483821e+00 5.295860882861038732e+00 5.302522759876075575e+00 3.203724692682996533e+00 -4.755302168009036379e+00 -4.752075151628183391e+00
0.000000000000000000e+00 0.000000000000000000e+00 0.000000000000000000e+00 0.000000000000000000e+00 0.000000000000000000e+00 0.000000000000000000e+00
3.203229223128800207e+00 5.302522759876075575e+00 5.288286827149789815e+00 3.200910808641454608e+00 -4.752839248781879355e+00 -4.751206586982666735e+00
6.364070524238164772e+00 8.525849001056451826e+00 8.515591205988181756e+00 6.363308337324148134e+00 -1.562404516431268764e+00 -1.568350871019513315e+00
7.436151882335923169e+00 7.439421667318917741e+00 7.437914110999024331e+00 9.622069698036824548e+00 -4.753066161356653829e-01 -4.765172222885027953e-01
3.203018912363255311e+00 3.205350610640942399e+00 3.206012024238062530e+00 5.302522759876075575e+00 -4.754160569498643518e+00 -4.752861122492575419e+00
0.000000000000000000e+00 0.000000000000000000e+00 0.000000000000000000e+00 0.000000000000000000e+00 0.000000000000000000e+00 0.000000000000000000e+00
4.247146304410317263e+00 4.247070555811908399e+00 4.243695014553608758e+00 6.366184605935429452e+00 -3.698433503917987419e+00 -3.699758514322741387e+00
5.300588951157161333e+00 5.298279282171360016e+00 7.440590511045887645e+00 5.287145352178802327e+00 -2.637361893905310950e+00 -2.636242447739198358e+00
7.437786122400022570e+00 7.425970519141603887e+00 9.622069698036824548e+00 7.437065664448229363e+00 -4.788067846169561381e-01 -4.770718308215541326e-01
5.295636908920521968e+00 5.300549928583965453e+00 7.440590511045887645e+00 5.299935643083527381e+00 -2.634514223477648631e+00 -2.636425174157579043e+00
0.000000000000000000e+00 0.000000000000000000e+00 0.000000000000000000e+00 0.000000000000000000e+00 0.000000000000000000e+00 0.000000000000000000e+00
1.297761792808832126e+01 1.297761792811710890e+01 1.297761792811985160e+01 1.527152119999994540e+01 5.118805987999894391e+00 5.118805987999835772e+00
1.297761792811971659e+01 1.527152119999945512e+01 1.527152119999994540e+01 1.297761792811983028e+01 5.118805987999571983e+00 5.118805987998986673e+00
1.297761792810418413e+01 1.297761792809425430e+01 1.297761792811949277e+01 1.527152119999994540e+01 5.118805987994031526e+00 5.118805987998809925e+00
1.411880598799882947e+01 1.411880598793032782e+01 1.643587999999995475e+01 1.411880598799979225e+01 6.271521199999916085e+00 6.271521199998454144e+00
0.000000000000000000e+00 0.000000000000000000e+00 0.000000000000000000e+00 0.000000000000000000e+00 0.000000000000000000e+00 0.000000000000000000e+00
2.103681916347488023e+00 2.126696742043542532e+00 2.095548090015118881e+00 4.249497532277310086e+00 -5.865202046598031238e+00 -5.803545272457117044e+00
6.344140220091290416e+00 6.326170380041321373e+00 6.330869881492407814e+00 8.525849001056451826e+00 -1.583543385459200481e+00 -1.567403981782465872e+00
3.167789418901967746e+00 3.122249330874691697e+00 3.156150165239092420e+00 5.302522759876075575e+00 -4.766152618114631423e+00 -4.773820266897851106e+00
4.249405873087021668e+00 6.366184605935429452e+00 6.365948106732272294e+00 4.249335165710013129e+00 -3.697754733878064748e+00 -3.698099010242310580e+00
0.000000000000000000e+00 0.000000000000000000e+00 0.000000000000000000e+00 0.000000000000000000e+00 0.000000000000000000e+00 0.000000000000000000e+00
3.979529902014034004e-02 -6.471868744875964863e-01 6.366184605935429452e+00 1.131737389681601424e+00 -9.725683867175479946e+00 -9.901993993723753107e+00
6.228545759871806808e+00 9.622069698036824548e+00 8.689742308311469543e+00 6.315304185171894957e+00 -1.619886376529996896e+00 -3.604762792327126597e+00
6.011071902316796667e+00 6.050448246576544342e+00 6.276877106334668888e+00 8.525849001056451826e+00 -2.122424041873839151e+00 -2.043699867353071298e+00
1.861345231729046423e+00 2.010027283141956556e+00 1.629995220779325571e+00 4.249497532277310086e+00 -6.362642794359693710e+00 -6.348184771312077146e+00
0.000000000000000000e+00 0.000000000000000000e+00 0.000000000000000000e+00 0.000000000000000000e+00 0.000000000000000000e+00 0.000000000000000000e+00
3.196231293534179674e+00 3.166423406173701327e+00 3.195012937874538217e+00 5.302522759876075575e+00 -4.815489965687228313e+00 -4.758109161903830930e+00
8.525849001056451826e+00 6.366159469865515952e+00 6.366131900081698269e+00 6.366109524748786441e+00 -1.559434883142516659e+00 -1.559434168739202153e+00
1.072936333135034026e+01 8.525826768264545663e+00 8.525728836407900246e+00 8.525827687994850024e+00 6.220572526037673189e-01 6.220618006889564455e-01
8.525849001056451826e+00 6.366170288453870008e+00 6.366153591006912471e+00 6.366087698371648784e+00 -1.559430054221460527e+00 -1.559720751580146114e+00
0.000000000000000000e+00 0.000000000000000000e+00 0.000000000000000000e+00 0.000000000000000000e+00 0.000000000000000000e+00 0.000000000000000000e+00
1.184784174883844265e+01 1.184784174883869667e+01 1.184784174883868602e+01 1.411880598799993969e+01 3.977617928119452806e+00 3.977617928119774326e+00
1.411880598799993969e+01 1.643587999999995475e+01 1.643587999999995475e+01 1.411880598799993969e+01 6.271521199999951612e+00 6.271521199999951612e+00
1.184784174883753671e+01 1.184784174883855101e+01 1.184784174883466967e+01 1.411880598799993969e+01 3.977617928119519419e+00 3.977617928119937751e+00
1.761199999999996635e+01 1.527152119999994540e+01 1.527152119999994540e+01 1.527152119999994540e+01 7.435879999999960965e+00 7.435879999999960965e+00
0.000000000000000000e+00 0.000000000000000000e+00 0.000000000000000000e+00 0.000000000000000000e+00 0.000000000000000000e+00 0.000000000000000000e+00
-5.019414255225265187e+00 -3.323213221638239290e+00 -2.892434924991364564e+00 3.207002556954535510e+00 -1.031263762446832999e+01 -1.079083941449092165e+01
-1.832388849286683996e+00 6.016894726846060415e-01 -2.327164956605211721e+00 7.440590511045887645e+00 -7.128894008595628051e+00 -1.187502277760376046e+01
1.292207525731879025e+00 9.638663474797108943e-01 2.514177689527621773e+00 4.249497532277310086e+00 -6.865038577430270905e+00 -6.244089280838989175e+00
3.568744112870797291e+00 7.440590511045887645e+00 4.180477247643640482e+00 4.469228780949953794e+00 -4.000555913678247144e+00 -4.040888382807015233e+00
0.000000000000000000e+00 0.000000000000000000e+00 0.000000000000000000e+00 0.000000000000000000e+00 0.000000000000000000e+00 0.000000000000000000e+00
4.804326450894264688e+00 7.440590511045887645e+00 5.999424019021409649e+00 4.265275366141004554e+00 -2.929092667833766761e+00 -3.269751538932590407e+00
7.595799837435682988e+00 1.072936333135034026e+01 7.156651759590047845e+00 7.592647600039648559e+00 -1.895644357053889451e+00 -1.252194320684570039e+00
-2.349886608790034526e+00 -1.576502790447666946e+00 -4.044358376937283062e+00 7.440590511045887645e+00 -9.805701699722398246e+00 -8.418698587780877318e+00
-4.164868591502732253e-01 -9.959777932971609626e-01 1.145717072900142686e+00 3.207002556954535510e+00 -7.646458340329844283e+00 -8.437054781387063329e+00
0.000000000000000000e+00 0.000000000000000000e+00 0.000000000000000000e+00 0.000000000000000000e+00 0.000000000000000000e+00 0.000000000000000000e+00
-4.152198748109301008e+00 -2.417973273361447628e+00 -3.761727212649855545e+00 4.249497532277310086e+00 -9.287947476287172321e+00 -8.036191679309878211e+00
6.192756126627740443e+00 3.342723541762212314e+00 4.492855109211634002e+00 7.440590511045887645e+00 -4.177596093143912448e+00 -3.603432859471298322e+00
8.772147851056715240e+00 5.937118977648012219e+00 5.755700679841485368e+00 9.622069698036824548e+00 -1.604525263761521492e+00 -1.577273469653226678e+00
7.440590511045887645e+00 3.088367577113766416e-01 -2.431094503398342876e+00 3.033799973571827291e+00 -9.207950144790590485e+00 -9.196729363017510650e+00
0.000000000000000000e+00 0.000000000000000000e+00 0.000000000000000000e+00 0.000000000000000000e+00 0.000000000000000000e+00 0.000000000000000000e+00
1.072936140864434584e+01 1.072936310849796016e+01 1.184783978792704850e+01 1.297761792811992976e+01 2.847836473697668680e+00 2.847835654259454063e+00
5.611761428417818998e+00 1.761199999999996635e+01 1.205098166031236318e+01 8.828447659129334824e+00 1.880813499778723141e+00 -1.019279683167776174e+00
1.072936242043133781e+01 1.072936183537265009e+01 1.184784062919349878e+01 1.297761792811992976e+01 2.847838839931872368e+00 2.847839125193186494e+00
1.643587776331413508e+01 1.411880546126501379e+01 1.527151259922484527e+01 1.643587999999995475e+01 6.271519360887010563e+00 6.271519482461249240e+00
0.000000000000000000e+00 0.000000000000000000e+00 0.000000000000000000e+00 0.000000000000000000e+00 0.000000000000000000e+00 0.000000000000000000e+00
-1.570838744599426962e+00 6.366184605935429452e+00 3.095594360033635528e+00 1.576058366659824905e+00 -8.144571389537384576e+00 -7.939741036378781480e+00
3.176015325936816680e+00 1.072936333135034026e+01 6.314005242390168249e+00 5.019895296587844058e+00 -1.575360920837548528e+00 -3.334342564046008928e+00
1.988842988650441068e+00 7.440590511045887645e+00 2.366272609570968743e+00 3.475769357020707773e+00 -4.915743564513636699e+00 -8.537491667354522917e+00
-1.856865019572582209e+00 2.174932531384989431e+00 -1.076006892437672668e+00 -8.643003277569204501e-01 -1.035282439334822158e+01 -9.270244228730318170e+00
0.000000000000000000e+00 0.000000000000000000e+00 0.000000000000000000e+00 0.000000000000000000e+00 0.000000000000000000e+00 0.000000000000000000e+00
-9.543170089930371747e-01 2.174932531384989431e+00 -5.204376592618729092e-01 -2.927086278414548381e+00 -1.119788300116763402e+01 -9.458056479739399336e+00
-2.720956750903260168e+00 5.302522759876075575e+00 -1.208776818249829299e-02 1.727435646811707803e+00 -7.585032230024134847e+00 -6.941580885317808480e+00
1.297761792811992976e+01 1.072934954097576821e+01 1.184784110235827193e+01 1.184782383716718535e+01 2.847841038108690270e+00 2.847840147716807380e+00
8.525849001056451826e+00 6.366182099478107759e+00 7.440574577324655436e+00 7.440583981666908819e+00 -1.559420085280796897e+00 -1.559413550707799523e+00
0.000000000000000000e+00 0.000000000000000000e+00 0.000000000000000000e+00 0.000000000000000000e+00 0.000000000000000000e+00 0.000000000000000000e+00
9.622069698036824548e+00 7.440588900590894283e+00 8.525842949506746038e+00 8.525801076058380445e+00 -4.741728286251400970e-01 -4.741588585978551151e-01
-5.597241187963788445e-01 4.249497532277310086e+00 -9.374481048252922832e-01 1.593945952577852321e+00 -7.548836624513132421e+00 -8.679359617117738068e+00
1.855114137290557297e+00 6.366184605935429452e+00 2.061948737305120183e+00 2.025958260261814914e+00 -5.526730716177142178e+00 -6.206058670491762186e+00
-1.323184675833943169e+00 4.249497532277310086e+00 -6.533711762798513067e-01 6.617691109817163131e-01 -8.194359465361772621e+00 -8.065141585592016327e+00
0.000000000000000000e+00 0.000000000000000000e+00 0.000000000000000000e+00 0.000000000000000000e+00 0.000000000000000000e+00 0.000000000000000000e+00
1.411880558968730348e+01 1.643587999999995475e+01 1.527148508056046694e+01 1.527151458548258844e+01 6.271520519607408417e+00 6.271519633827502105e+00
9.622039486010557141e+00 1.184784174883872687e+01 1.072936206370530776e+01 1.072934974264498642e+01 1.729363056272962940e+00 1.729362735189928113e+00
1.879999999999997939e+01 1.643587999999995475e+01 1.761199999999996635e+01 1.761199999999996635e+01 8.611999999999973454e+00 8.611999999999973454e+00
1.072936267784572983e+01 1.297761792811992976e+01 1.184783898177134098e+01 1.184783298257540274e+01 2.847841273671957829e+00 2.847837749535938379e+00
0.000000000000000000e+00 0.000000000000000000e+00 0.000000000000000000e+00 0.000000000000000000e+00 0.000000000000000000e+00 0.000000000000000000e+00
2.709032578831886529e+00 5.302522759876075575e+00 2.769614238800029327e+00 3.610528574884186437e+00 -6.379529481781964328e+00 -5.031443877306377210e+00
4.102224907358803740e+00 9.622069698036824548e+00 5.009555137120714541e+00 5.532975838226861676e+00 -8.375553671338655803e+00 -4.439488733724273217e+00
1.164433387495332317e+00 6.366184605935429452e+00 2.014562401253637614e+00 9.612389434968184876e-01 -4.716944024149414716e+00 -6.001480848867363882e+00
-3.060994323823305940e+00 -1.110824265048144577e+00 3.207002556954535510e+00 -2.584191405317165735e+00 -1.183437654246112203e+01 -1.046386041826957758e+01
0.000000000000000000e+00 0.000000000000000000e+00 0.000000000000000000e+00 0.000000000000000000e+00 0.000000000000000000e+00 0.000000000000000000e+00
-1.707598568381808679e+00 3.290483774362340519e-02 3.207002556954535510e+00 -2.187510263934160815e+00 -9.379766620425824541e+00 -8.852200224984063226e+00
2.143913244169731058e+00 6.366184605935429452e+00 1.978124298602920383e+00 -1.034524288239669909e-01 -6.952338264253069333e+00 -7.056727123871582741e+00
4.539258875860416431e+00 9.622069698036824548e+00 2.982863270232039898e+00 5.288237088675945330e+00 -3.165026228912408701e+00 -4.550014407921615600e+00
-1.448296108739249854e-01 5.302522759876075575e+00 -1.319231270268352185e+00 -1.890259184726938102e+00 -9.468823865027781395e+00 -9.091030776816102943e+00
0.000000000000000000e+00 0.000000000000000000e+00 0.000000000000000000e+00 0.000000000000000000e+00 0.000000000000000000e+00 0.000000000000000000e+00
2.634538892415377198e+00 6.366184605935429452e+00 1.804338214245327920e+00 2.605856593980397928e+00 -6.876630359658823188e+00 -5.711736361802894457e+00
1.358251000060124669e+00 5.302522759876075575e+00 3.258804682352019366e+00 5.987195594443472935e-02 -8.553132758495539889e+00 -8.356348561831341115e+00
2.924787701062188994e+00 7.440590511045887645e+00 4.660957233477374673e-01 3.880802813659554484e+00 -7.627286337853282028e+00 -6.573275484099521115e+00
2.275868433755675047e-01 1.696179209449526049e+00 5.302522759876075575e+00 -7.724024719361792801e-01 -7.517196168856616012e+00 -8.977304830817526948e+00
0.000000000000000000e+00 0.000000000000000000e+00 0.000000000000000000e+00 0.000000000000000000e+00 0.000000000000000000e+00 0.000000000000000000e+00
-1.121941543061852453e+00 1.527152119999989210e+01 1.049515932984383282e+00 -8.469117760289658348e-01 -5.245216909337646172e+00 -5.834496601372689994e+00
-2.070582516076155066e+00 -2.029696852818931418e+00 1.297761792811969173e+01 -2.122616385060803079e+00 -8.410375215569080964e+00 -7.812259154440365450e+00
1.760648850237758634e+00 1.527152119999994540e+01 -6.847501110013509695e-02 3.620529601267466813e+00 -4.039065199660651473e+00 -3.350578008429283550e+00
-1.609566873991184810e+00 4.885041300401307129e-01 1.411880598799935527e+01 3.628055967363013057e-01 -7.277081593683045746e+00 -6.045085135599664206e+00
0.000000000000000000e+00 0.000000000000000000e+00 0.000000000000000000e+00 0.000000000000000000e+00 0.000000000000000000e+00 0.000000000000000000e+00
-1.913266996538761200e+00 1.842470613593839346e+00 1.871689213813410024e-01 4.249497532277310086e+00 -1.146576817303493989e+01 -7.840541200776097952e+00
3.241574990913122623e+00 8.525849001056451826e+00 2.833914752163293027e+00 6.069951674120195761e+00 -4.800397650365407998e+00 -4.544733051536920421e+00
9.314595778174133978e-02 5.302522759876075575e+00 1.199723250971853616e+00 3.962555156705002357e+00 -8.026268068764490948e+00 -1.001907089801425776e+01
9.647571361135720558e-01 4.249497532277310086e+00 2.243399838826967585e+00 1.709382387472767606e+00 -6.568234452049018124e+00 -7.326498099451552726e+00
0.000000000000000000e+00 0.000000000000000000e+00 0.000000000000000000e+00 0.000000000000000000e+00 0.000000000000000000e+00 0.000000000000000000e+00
1.749455883401826783e+00 4.249497532277310086e+00 1.738223924276030452e+00 2.503848300578135344e-01 -6.827481101310849176e+00 -6.219378840520985108e+00
1.799536487818926833e+00 7.440590511045887645e+00 3.539373179275958847e+00 3.786557541561263562e+00 -6.256505919908577518e+00 -4.476247586970298009e+00
2.967100161060759245e+00 8.525849001056451826e+00 3.283204257018703220e+00 5.758738962037970310e+00 -4.212042290040548309e+00 -6.469140827460019061e+00
1.130436742374206993e+00 4.249497532277310086e+00 6.298182102171774321e-01 1.584940782813848648e+00 -1.003532035349090634e+01 -1.025037041919584624e+01
0.000000000000000000e+00 0.000000000000000000e+00 0.000000000000000000e+00 0.000000000000000000e+00 0.000000000000000000e+00 0.000000000000000000e+00
-4.035472400303158125e+00 5.302522759876075575e+00 8.141481906694680859e-01 -2.209655221325565133e+00 -1.433707526238468510e+01 -1.018190672308308287e+01
1.196384440043609221e+00 6.366184605935429452e+00 2.680420482085516642e+00 1.168133689927193020e+00 -7.479094283889699213e+00 -7.208880243594654402e+00
4.151357871465688021e+00 8.525849001056451826e+00 2.560370023991477506e+00 3.151224405006161078e+00 -5.338645625681523121e+00 -4.770068811355081095e+00
3.858294023473061163e+00 6.366184605935429452e+00 4.494197674364404094e+00 3.228913566280192438e+00 -4.833038143105677698e+00 -4.627742482582011263e+00
0.000000000000000000e+00 0.000000000000000000e+00 0.000000000000000000e+00 0.000000000000000000e+00 0.000000000000000000e+00 0.000000000000000000e+00
-1.427167493994285552e+00 1.411880598799898934e+01 2.944929574092540303e+00 -6.415897433782231651e-01 -5.567586145312201751e+00 -7.005516105354939960e+00
-7.421801914045820237e-01 1.411880598799993969e+01 3.564211246409856759e+00 2.010956707323539039e+00 -2.832514707757479933e+00 -7.643438619464960837e+00
-1.968654710135778529e+00 1.195657606860853317e+00 5.707969545450671811e-01 1.411880598799941211e+01 -7.348888075785697360e+00 -7.552786850453894196e+00
-8.038415321194800622e-01 1.527152119999994540e+01 2.892450077565196676e+00 3.221050478637361714e+00 -5.378144702522996923e+00 -4.154613537877628104e+00
0.000000000000000000e+00 0.000000000000000000e+00 0.000000000000000000e+00 0.000000000000000000e+00 0.000000000000000000e+00 0.000000000000000000e+00
5.004046007624962655e-01 3.207002556954535510e+00 -2.778049989831709587e-01 1.725688566123802614e+00 -7.375630260526778059e+00 -7.171349471646363938e+00
4.200820926352180962e+00 7.440590511045887645e+00 4.517996710089029477e+00 3.267769423535014983e+00 -4.166168424479851140e+00 -3.918564831341504462e+00
1.040401319904208810e+00 4.249497532277310086e+00 5.174565625257387946e-01 9.238033000983174592e-01 -7.051256396947190197e+00 -6.466502383879999094e+00
8.345759837779739843e-02 5.302522759876075575e+00 2.204689972546958643e+00 1.553732504857733732e+00 -6.944311781738907285e+00 -6.911510068705233323e+00
0.000000000000000000e+00 0.000000000000000000e+00 0.000000000000000000e+00 0.000000000000000000e+00 0.000000000000000000e+00 0.000000000000000000e+00
-1.003894250276451405e+00 -1.095495432611646169e+00 5.302522759876075575e+00 -4.896981614353160261e-01 -8.542542575163297514e+00 -7.817910120723536416e+00
3.788099811424271213e+00 8.525849001056451826e+00 5.036948492153968004e+00 5.376663383481199432e+00 -6.107839193540064215e+00 -4.960615080199521465e+00
4.154737314819695548e+00 7.440590511045887645e+00 4.019688674059027633e+00 5.619028036055545350e+00 -3.428055643578907574e+00 -3.849698379702212847e+00
-9.087236287873172724e-01 3.207002556954535510e+00 -2.943034432013793555e+00 -1.520103224784988383e+00 -1.003983789141132554e+01 -8.988131833515202729e+00
0.000000000000000000e+00 0.000000000000000000e+00 0.000000000000000000e+00 0.000000000000000000e+00 0.000000000000000000e+00 0.000000000000000000e+00
1.778929610467201439e-01 4.249497532277310086e+00 9.829677811672923315e-01 2.197626028539350518e+00 -7.274992890989090633e+00 -6.079627347237217982e+00
9.622069698036824548e+00 7.440589254755034077e+00 7.440543907926206124e+00 8.525831076289387411e+00 -4.741520548006959990e-01 -4.741520785738072563e-01
1.184784174883872687e+01 9.622068795328743818e+00 9.622063139506725093e+00 1.072935761710141023e+01 1.729349598754569950e+00 1.729353967644793766e+00
9.622069698036824548e+00 7.440581913353262244e+00 7.440563403381148078e+00 8.525838516866505401e+00 -4.741803258371271035e-01 -4.741835532821323529e-01
0.000000000000000000e+00 0.000000000000000000e+00 0.000000000000000000e+00 0.000000000000000000e+00 0.000000000000000000e+00 0.000000000000000000e+00
1.072936300478113480e+01 1.297761792811992976e+01 1.072935969560661107e+01 1.184783964772259779e+01 2.847840757547286383e+00 2.847840144033476406e+00
1.297761670931496880e+01 1.527152119999994540e+01 1.527151896258547303e+01 1.411880572154298186e+01 5.118805128166083129e+00 5.118803992314330031e+00
1.072936259963633709e+01 1.297761792811992976e+01 1.072936140245190195e+01 1.184783061405445537e+01 2.847839659344324925e+00 2.847839220625136836e+00
1.879999999999997939e+01 1.643587999999995475e+01 1.643587999999995475e+01 1.761199999999996635e+01 8.611999999999973454e+00 8.611999999999973454e+00
0.000000000000000000e+00 0.000000000000000000e+00 0.000000000000000000e+00 0.000000000000000000e+00 0.000000000000000000e+00 0.000000000000000000e+00
-3.582168594968015984e+00 -9.464439638425385937e-01 -4.045664941355805233e+00 2.174932531384989431e+00 -1.007649108332164012e+01 -1.031975533876829942e+01
-4.046507649361264392e+00 -1.668140676723374405e+00 -2.032956229634871104e+00 6.366184605935429452e+00 -9.324376509280419612e+00 -7.533275301072964503e+00
-2.315147879269946252e+00 3.207002556954535510e+00 -2.702075017967014769e+00 -2.751870068448875717e+00 -1.140180958498116226e+01 -1.259399360078890773e+01
2.245675751497383299e+00 6.366184605935429452e+00 3.991694590344053051e+00 -1.544063730969469805e+00 -7.330893873337471334e+00 -6.705184403289747408e+00
0.000000000000000000e+00 0.000000000000000000e+00 0.000000000000000000e+00 0.000000000000000000e+00 0.000000000000000000e+00 0.000000000000000000e+00
2.896562211217954541e+00 6.366184605935429452e+00 4.525733159617744583e+00 3.325340963987463372e+00 -4.970726437554773725e+00 -4.292141143484041521e+00
2.050303238687447127e+00 9.622069698036824548e+00 4.556823164578610807e+00 5.136298556733213339e+00 -3.977110476790017835e+00 -5.230058010726022388e+00
-1.410808172591342835e+00 7.555216117885139582e-01 -9.722609432553962483e-01 6.366184605935429452e+00 -9.022253633844908194e+00 -1.065652188545973544e+01
-3.207870040239029663e+00 2.174932531384989431e+00 -3.448069788271497238e+00 -1.944770410520811454e+00 -1.130442977755364531e+01 -1.149379087792447685e+01
0.000000000000000000e+00 0.000000000000000000e+00 0.000000000000000000e+00 0.000000000000000000e+00 0.000000000000000000e+00 0.000000000000000000e+00
-2.603070216346243804e+00 -9.838535865404409719e-01 -7.027266129144321694e-02 3.207002556954535510e+00 -1.029318169406912276e+01 -9.321557334799555505e+00
1.008453988061949635e+00 2.129878384335755381e+00 1.203788840496136103e+00 8.525849001056451826e+00 -9.164705047089304557e+00 -6.361028790633104890e+00
1.989123322735756982e+00 2.865423900666720591e+00 -6.435688000562296285e-01 1.072936333135034026e+01 -4.480947034879729785e+00 -5.189524034188147006e+00
3.077298601929541633e+00 2.892239694154462804e+00 3.319957398277543437e+00 8.525849001056451826e+00 -4.469732454223896312e+00 -7.016202893668621599e+00
0.000000000000000000e+00 0.000000000000000000e+00 0.000000000000000000e+00 0.000000000000000000e+00 0.000000000000000000e+00 0.000000000000000000e+00
-1.402804610774226912e+00 -2.509612050965845498e+00 -2.488393918532473936e+00 1.184784174883859365e+01 -1.034888782580546973e+01 -9.857491261699564689e+00
-8.815823401045498331e-01 1.643587999999995475e+01 3.537829761612641732e+00 3.285029425157075522e+00 -6.258549223979824383e+00 -2.804319382598410293e+00
-8.318306627492271232e-01 1.184784174883872687e+01 -1.379606515553354562e+00 -2.809792423178665288e+00 -8.387628194263102799e+00 -9.618259898033297617e+00
1.761199999999996635e+01 2.936162533322208112e+00 5.473403669374102165e+00 9.740444525447699675e+00 -4.622925859814684735e+00 -3.785770230581284590e+00
0.000000000000000000e+00 0.000000000000000000e+00 0.000000000000000000e+00 0.000000000000000000e+00 0.000000000000000000e+00 0.000000000000000000e+00
-2.368883685209504097e+00 5.302522759876075575e+00 -5.589900143888657524e-01 7.393940436276256190e-01 -9.440526958571709315e+00 -9.952937994380116393e+00
2.516750880411955382e+00 9.622069698036824548e+00 1.147419241160520187e+00 2.751923800760287531e-01 -4.533464784396480596e+00 -7.849928121531596581e+00
-1.860584115056380217e+00 6.366184605935429452e+00 -1.122326293685399268e+00 -1.116326763373241882e+00 -1.281958108802229646e+01 -8.541424990141223361e+00
-4.633884022151114834e+00 1.153183206071139333e+00 -4.163907272605047893e+00 -5.151778488343099482e+00 -1.315326589473364827e+01 -1.137109925905800090e+01
0.000000000000000000e+00 0.000000000000000000e+00 0.000000000000000000e+00 0.000000000000000000e+00 0.000000000000000000e+00 0.000000000000000000e+00
-2.586328633925465859e+00 1.153183206071139333e+00 -4.851952035167832911e+00 -3.928510677080875979e+00 -1.250925565014555474e+01 -1.244026567282469387e+01
2.703129224647997098e-01 4.249497532277310086e+00 -2.242937700165004156e+00 -7.826879020469665882e-01 -8.474940036885646677e+00 -8.949200206876991359e+00
1.297758636961609113e+01 1.184783767478235994e+01 1.297761644532602432e+01 1.297761599370785035e+01 1.411880598799993969e+01 3.977612886052331653e+00
8.525848590112115488e+00 7.440589981765731942e+00 8.525841939714348783e+00 8.525848472647821197e+00 9.622069698036824548e+00 -4.741589318297472211e-01
0.000000000000000000e+00 0.000000000000000000e+00 0.000000000000000000e+00 0.000000000000000000e+00 0.000000000000000000e+00 0.000000000000000000e+00
9.622067073558305594e+00 8.525848442506866576e+00 9.622069147469471062e+00 9.622069159187944365e+00 1.072936333135034026e+01 6.220684478908340420e-01
-1.702693961128143973e+00 3.207002556954535510e+00 -1.642825160429599807e+00 -2.055159601062390706e+00 -1.335443094047704804e+01 -9.924093561742084901e+00
-4.275014527416575838e+00 5.302522759876075575e+00 -3.223413761385318099e-01 -1.989704959124065198e+00 -9.218129458826362921e+00 -7.450431380028789796e+00
-3.965356857192015472e+00 3.207002556954535510e+00 -2.312672124913349503e+00 -4.677726092950844183e+00 -1.034074983048377661e+01 -1.162766714040178329e+01
0.000000000000000000e+00 0.000000000000000000e+00 0.000000000000000000e+00 0.000000000000000000e+00 0.000000000000000000e+00 0.000000000000000000e+00
1.411880046230039021e+01 1.527152119999994540e+01 1.411880367475551168e+01 1.411879821782716782e+01 5.118803660670749878e+00 1.297761244192980357e+01
9.622064241223402092e+00 1.072936333135034026e+01 9.622058608739049390e+00 9.622063247740161529e+00 6.220695675277738701e-01 8.525846921833602821e+00
1.879999999999997939e+01 1.761199999999996635e+01 1.879999999999997939e+01 1.879999999999997939e+01 9.799999999999981171e+00 1.999999999999998934e+01
1.072936259762880340e+01 1.184784174883872687e+01 1.072935591593000382e+01 1.072935985892606858e+01 1.729357836694481731e+00 9.622062457443412598e+00
0.000000000000000000e+00 0.000000000000000000e+00 0.000000000000000000e+00 0.000000000000000000e+00 0.000000000000000000e+00 0.000000000000000000e+00
-9.037883025078958799e-01 4.249497532277310086e+00 -4.686246669639705154e+00 -4.784204089214418865e-01 -8.833135122981518705e+00 -1.209545838069197465e+01
-5.968179217054819796e-01 8.525849001056451826e+00 -2.207980404028765387e-01 -6.284547028255548229e-01 -8.641370460515870988e+00 -6.746305398943164278e+00
3.754439277094573368e-01 5.302522759876075575e+00 -6.598393279994102523e-01 -3.074232622042526231e+00 -1.115027562648803894e+01 -9.268110083150657985e+00
-1.420849021049239047e+00 -2.723288427060937877e+00 2.174932531384989431e+00 -6.281611124991206552e+00 -1.223053467144433348e+01 -1.032053252886379191e+01
0.000000000000000000e+00 0.000000000000000000e+00 0.000000000000000000e+00 0.000000000000000000e+00 0.000000000000000000e+00 0.000000000000000000e+00
-2.483153660133471607e+00 2.174932531384989431e+00 -2.342009322335447230e+00 -2.903832377690228839e+00 -1.254731912708304442e+01 -1.399792408462850624e+01
-7.528391107259069237e-01 5.302522759876075575e+00 3.164123418766440765e-01 9.704842015833783364e-01 -8.873365022089718224e+00 -9.376911295750193887e+00
1.102934788673613831e+00 8.525849001056451826e+00 -7.326187571959164035e-02 5.279254167154703303e-01 -1.126072943308133212e+01 -5.648148130446491777e+00
-3.115246372520880325e+00 4.249497532277310086e+00 -6.081301023957341734e-01 -3.822306108625262766e+00 -9.973730388051608386e+00 -1.188522288589379983e+01
0.000000000000000000e+00 0.000000000000000000e+00 0.000000000000000000e+00 0.000000000000000000e+00 0.000000000000000000e+00 0.000000000000000000e+00
8.400560960391885157e-01 5.302522759876075575e+00 3.953648246753159734e-01 2.429858969350059628e+00 -1.235033599377133662e+01 -9.268874818957021589e+00
-1.120462371454993722e+00 4.249497532277310086e+00 7.362038751025854477e-01 -2.191429447999778901e+00 -9.318832815128629932e+00 -9.421282725683168380e+00
-5.580201022002683198e-01 6.366184605935429452e+00 1.626633132033880047e+00 -5.553196788063167189e-01 -9.815616596647018355e+00 -7.797324096494547163e+00
-7.270110185376887912e-01 4.249497532277310086e+00 -1.991080394147496158e+00 -1.885436723495783173e+00 -9.487408916171093054e+00 -1.012853039547516332e+01
0.000000000000000000e+00 0.000000000000000000e+00 0.000000000000000000e+00 0.000000000000000000e+00 0.000000000000000000e+00 0.000000000000000000e+00
-1.326509285296848750e+00 1.756890542361619456e+00 -1.236236244264717676e+00 -1.354711190987279767e+00 -8.544023314606901565e+00 -8.228047996211255821e+00
-1.958085951883387743e+00 -2.111561453735784522e+00 -1.690820962617921808e+00 -1.991166468717431082e+00 -9.657659613380280561e+00 -1.009386863851094240e+01
-1.072222424821943187e+00 8.904278144138334738e+00 -1.807297068456153788e+00 -1.541977516965727490e+00 -7.272069377009241720e+00 -8.888368113261401859e+00
-1.468439333809431480e+00 5.398464533494795603e-02 -1.450759892239086968e+00 -1.451610359061264788e+00 -6.419781825248296769e+00 -6.200195697241241533e+00
0.000000000000000000e+00 0.000000000000000000e+00 0.000000000000000000e+00 0.000000000000000000e+00 0.000000000000000000e+00 0.000000000000000000e+00
-2.958174978502641217e+00 3.207002556954535510e+00 -2.926974563196830470e+00 -2.476854944283829685e+00 -1.297407517460476178e+01 -1.021135716176498676e+01
3.393957113984190088e-01 7.440590511045887645e+00 -1.847625829771303074e+00 7.866535316884182283e-02 -1.192653841273989102e+01 -8.576022783426545004e+00
9.175066752561700234e-01 4.249497532277310086e+00 -1.099889305129168493e+00 -3.106320729455393614e+00 -1.134837098323279925e+01 -1.185455180782557605e+01
7.591458577669152330e-01 3.207002556954535510e+00 -3.201036258193412642e+00 -1.262516734374909078e+00 -9.073117922542580871e+00 -8.577940334367770703e+00
0.000000000000000000e+00 0.000000000000000000e+00 0.000000000000000000e+00 0.000000000000000000e+00 0.000000000000000000e+00 0.000000000000000000e+00
-4.659127002736951795e+00 3.207002556954535510e+00 -2.786964477489385139e+00 -4.366021482696828215e+00 -9.802586038746460062e+00 -1.237541276250812317e+01
2.661464638036779906e+00 6.366184605935429452e+00 3.482596307255784174e-01 2.424949662910389769e-01 -8.152597051937474859e+00 -7.430340201566060010e+00
-1.784956274326885417e+00 7.440590511045887645e+00 1.595901014115851613e+00 -4.854773300424334304e-01 -9.344041393659878736e+00 -9.219225730480928860e+00
-3.585359259747030514e+00 3.207002556954535510e+00 -4.941633569919712698e+00 -3.843262455235481490e+00 -1.351240384632755465e+01 -9.882971305863145872e+00
0.000000000000000000e+00 0.000000000000000000e+00 0.000000000000000000e+00 0.000000000000000000e+00 0.000000000000000000e+00 0.000000000000000000e+00
-2.681008959822832161e+00 -2.257762616642448261e+00 -3.372269423992234394e+00 4.249497532277310086e+00 -1.414769905390245341e+01 -1.058076263824311880e+01
-4.800711880978282053e+00 5.302522759876075575e+00 -1.062316752589409941e+00 -2.729306497490439076e-01 -8.370976118435367042e+00 -8.627123919420117915e+00
1.641068574710300432e+00 7.440590511045887645e+00 -8.569776312657428896e-02 -5.167747634894824804e-01 -7.362905986006211378e+00 -9.690804214584094467e+00
-1.259075006860631118e+00 5.302522759876075575e+00 -1.328232936864296221e+00 -2.933867996234453823e+00 -7.627089814032059323e+00 -9.918050862762051167e+00
0.000000000000000000e+00 0.000000000000000000e+00 0.000000000000000000e+00 0.000000000000000000e+00 0.000000000000000000e+00 0.000000000000000000e+00
-1.293030137505541965e+00 1.592041251845679906e+00 -1.382702033594404245e+00 -1.424294221293651574e+00 -7.522391760095416657e+00 -8.935079838652205453e+00
-1.760487947061454950e+00 4.510001522381999806e+00 -1.955353157015933707e+00 -1.995886850660277823e+00 -7.904258679560948408e+00 -9.649514963183836613e+00
-1.807250407742740261e+00 -1.853660349949049824e+00 -1.894733185650429697e+00 -5.268006619446666816e-01 -6.550046536227422500e+00 -7.654786927312247968e+00
-1.164022590147271163e+00 3.137943231144940892e+00 -1.189838100504984730e+00 -1.393334110236860823e+00 -7.589295344690216716e+00 -6.879986959730233664e+00
0.000000000000000000e+00 0.000000000000000000e+00 0.000000000000000000e+00 0.000000000000000000e+00 0.000000000000000000e+00 0.000000000000000000e+00
-3.586374372962673807e+00 2.174932531384989431e+00 -4.042488471807033967e+00 -7.779534224124319941e+00 -1.201425006516564231e+01 -1.277401671395262106e+01
8.105027650931777572e-01 6.366184605935429452e+00 9.992177487957822901e-01 2.095004348594292409e+00 -9.590931702415037563e+00 -7.978233271162705975e+00
-1.839832946106858547e-01 3.207002556954535510e+00 -1.142670631888781818e+00 2.762625177186006087e-01 -8.258830415978266615e+00 -8.760648749199788199e+00
-7.414075414240721695e-01 4.249497532277310086e+00 -3.731320414122099582e-01 -2.879974745590128560e+00 -1.014036281100683112e+01 -9.711616693224403463e+00
0.000000000000000000e+00 0.000000000000000000e+00 0.000000000000000000e+00 0.000000000000000000e+00 0.000000000000000000e+00 0.000000000000000000e+00
-1.072075091222238097e+00 -3.035730355598357022e+00 4.249497532277310086e+00 -3.369860373154414557e+00 -9.292053874831438520e+00 -9.424977777047079286e+00
8.579327879361213771e-01 7.440590511045887645e+00 6.611489602125724119e-01 2.130291392234991421e-01 -7.816970317968600312e+00 -5.965532165832450495e+00
2.245590240474316435e+00 6.366184605935429452e+00 4.754999781268744452e-01 1.914777142692516421e+00 -4.462781536639471192e+00 -7.054542576159777312e+00
-6.019667226000914972e+00 2.174932531384989431e+00 -5.084504960126166928e+00 -5.976447745679569046e+00 -1.397368964969308358e+01 -1.203816740614763781e+01
0.000000000000000000e+00 0.000000000000000000e+00 0.000000000000000000e+00 0.000000000000000000e+00 0.000000000000000000e+00 0.000000000000000000e+00
-5.883150481416833166e+00 3.207002556954535510e+00 -2.656167046425578881e+00 -2.559741794209236421e+00 -1.090552410218782065e+01 -1.035757455535701155e+01
9.622067719678938147e+00 8.525846347585085638e+00 8.525841567467571380e+00 9.622065136247893946e+00 1.072936333135034026e+01 6.220662376396181026e-01
1.184784059963032377e+01 1.072936036274197313e+01 1.072934590216227235e+01 1.184784141382449896e+01 1.297761792811992976e+01 2.847839370083523391e+00
9.622052469883200843e+00 8.525846639137480310e+00 8.525840442441298350e+00 9.622068676050730573e+00 1.072936333135034026e+01 6.220694577335387221e-01
0.000000000000000000e+00 0.000000000000000000e+00 0.000000000000000000e+00 0.000000000000000000e+00 0.000000000000000000e+00 0.000000000000000000e+00
1.072936189234411586e+01 1.184784174883872687e+01 9.622046736068675443e+00 1.072936220420036513e+01 1.729361799871293792e+00 9.622050135910473756e+00
1.297761516168627338e+01 1.411880598799993969e+01 1.411879606355481798e+01 1.297761707816955479e+01 3.977617645309983629e+00 1.184783791660503915e+01
1.072936313019821597e+01 1.184784174883872687e+01 9.622027121535440486e+00 1.072935264720397264e+01 1.729359316561154936e+00 9.622067673767340068e+00
1.879999999999997939e+01 1.761199999999996635e+01 1.761199999999996635e+01 1.879999999999997939e+01 9.799999999999981171e+00 1.999999999999998934e+01
0.000000000000000000e+00 0.000000000000000000e+00 0.000000000000000000e+00 0.000000000000000000e+00 0.000000000000000000e+00 0.000000000000000000e+00
-6.373908147944755243e+00 1.153183206071139333e+00 -3.347332289856548293e+00 -4.688185295100766758e+00 -1.254544035560434878e+01 -1.412437385439891102e+01
-7.806028664776460957e-01 -2.259212662715364139e-01 -2.871965951508222425e-01 5.302522759876075575e+00 -1.014969791096469898e+01 -9.305000368341392658e+00
-2.388533478889044659e+00 -2.243544564999310431e+00 -4.228790143926124401e+00 2.174932531384989431e+00 -1.047494678079087826e+01 -1.281794196701017974e+01
-2.354652705116170974e+00 5.302522759876075575e+00 -1.025244284721958388e-01 -6.752213513251548171e-01 -9.101890818454712928e+00 -8.174146633089304004e+00
0.000000000000000000e+00 0.000000000000000000e+00 0.000000000000000000e+00 0.000000000000000000e+00 0.000000000000000000e+00 0.000000000000000000e+00
2.598914360009096480e+00 5.302522759876075575e+00 -2.895729905527105741e-02 -1.096486496129549515e+00 -8.799277941140882575e+00 -6.538592739002712761e+00
6.978173094955903988e-01 8.525849001056451826e+00 1.368312637971035084e+00 4.231624418999200721e+00 -8.486765191367000583e+00 -6.632751078483650531e+00
-3.692522840488534186e+00 -1.093749529613829985e+00 -2.863681099540032360e+00 5.302522759876075575e+00 -9.616350416313691696e+00 -8.504139484962347950e+00
-4.116001456022387650e+00 1.153183206071139333e+00 -4.614627242805693363e+00 -5.371997738674405554e+00 -1.364460827514056440e+01 -1.244654197091748493e+01
0.000000000000000000e+00 0.000000000000000000e+00 0.000000000000000000e+00 0.000000000000000000e+00 0.000000000000000000e+00 0.000000000000000000e+00
-3.158523984829374687e+00 2.174932531384989431e+00 -2.913056118805911421e+00 -3.172430701286184096e+00 -1.147380239042300509e+01 -1.196076812971127978e+01
4.208550539609456353e-01 6.865013917018413236e-01 -1.464795462474013155e+00 9.622069698036824548e+00 -6.570940085534124897e+00 -9.087488182514309898e+00
5.018864386093438767e+00 5.959031745736331764e-01 1.970720332117273710e+00 1.184784174883872687e+01 -2.770475040461599647e+00 -3.317664294041861250e+00
2.505218885716883115e+00 1.752285745310022236e+00 -3.365656048103957687e-01 9.622069698036824548e+00 -8.302408227179107314e+00 -6.113962825531270795e+00
0.000000000000000000e+00 0.000000000000000000e+00 0.000000000000000000e+00 0.000000000000000000e+00 0.000000000000000000e+00 0.000000000000000000e+00
-2.566337089046309750e+00 -2.739542176281914543e+00 -2.766088632830439931e+00 1.072936207403589393e+01 -7.985847260984159313e+00 -1.042152778168243366e+01
1.723493318547816511e+00 1.527152066794367613e+01 -1.236100389106751463e+00 -1.263284505072739261e+00 -7.544980430227520074e+00 -6.905829714033298927e+00
-1.933936326815537843e+00 1.072936105499593218e+01 -3.329684434304473584e+00 -3.165387455072765643e+00 -1.038468194917845366e+01 -9.180494892103890692e+00
1.092981591261670005e+01 8.336779693324558593e+00 9.284540588075289591e+00 1.879999999999997939e+01 4.430827527698009582e+00 3.026151411255689094e+00
